1.7941
2.07695
2.55152
2.85322
3.29136
3.97042
4.94723
5.77692
6.22136
6.61397
6.95162
7.2605
7.52654
7.80616
8.0832
8.31917
8.46718
8.49531
9.54324
9.43448
8.95221
10.9093
11.0097
10.2103
11.775
11.742
11.7557
11.6311
11.3554
10.5306
9.16066
9.49673
11.4014
10.7109
10.2689
9.70834
9.28883
11.4518
10.7476
10.2535
9.61867
8.73149
10.0235
8.47652
10.6975
9.31039
10.0767
8.89926
10.4848
9.75355
10.0282
9.13661
10.2513
9.62717
10.674
10.0908
9.79012
10.2748
9.64729
11.068
10.5567
10.4259
10.291
10.1393
9.91464
11.7566
11.0378
10.5394
10.0879
9.58994
11.6971
10.8366
10.2915
9.71216
11.1834
10.4811
10.0431
9.55643
10.6399
10.2255
9.87787
10.3252
10.013
9.7824
10.5755
10.4313
10.2511
10.0807
9.93161
10.3646
10.1265
10.042
9.93932
10.1584
10.0115
9.91855
10.1113
9.97811
10.1254
10.0422
10.1333
10.1903
10.2151
10.1944
10.1358
10.0299
9.86285
10.4258
10.2278
10.1342
10.0135
9.8948
10.4472
10.2588
10.2166
10.1753
10.1264
10.0669
9.995
10.3898
10.3054
10.2718
10.2381
10.1972
10.1479
10.0875
10.0173
9.93466
10.4122
10.265
10.2281
10.192
10.1502
10.0983
10.0386
9.96788
10.3855
10.2536
10.2166
10.1814
10.1432
10.0971
10.0444
9.9841
10.3904
10.2559
10.215
10.1814
10.1476
10.1093
10.064
10.0145
9.9598
10.3028
10.1859
10.1476
10.1134
10.0809
10.045
10.0055
9.96335
10.2787
10.1746
10.1327
10.102
10.0709
10.0381
10.0039
9.96804
10.1798
10.1001
10.0789
10.0611
10.041
10.0191
9.99552
10.1728
10.1044
10.0914
10.0791
10.0651
10.0496
10.0334
10.016
9.99727
10.2291
10.1495
10.115
10.088
10.0669
10.0483
10.0303
10.0145
10.001
9.98732
10.1204
10.069
10.0543
10.0426
10.0325
