18.7125
19.0517
18.5146
17.6873
16.5413
15.3195
14.4302
14.0429
13.8947
13.8365
13.7791
13.7382
13.6706
13.619
13.5691
13.4977
13.402
13.3259
13.9506
13.5037
14.0358
13.5573
13.3661
15.2055
13.6065
13.5694
13.5862
13.6157
13.6535
13.715
13.8695
15.1574
15.1191
15.1872
15.2797
15.3817
14.721
16.9111
17.0634
17.0937
17.032
15.3353
16.1653
17.3531
14.6635
14.8925
14.5295
14.9614
14.4753
14.616
14.7666
15.3061
14.1981
14.3778
14.2838
14.2824
14.3541
14.646
14.9699
14.1973
14.2095
14.2701
14.3362
14.4515
14.6673
14.652
14.8068
15.15
15.7483
16.6303
14.6873
15.0205
15.4356
15.9922
15.0485
15.2771
15.6081
16.1223
15.3881
15.6096
15.8659
15.5408
15.7651
15.9654
15.6067
15.6659
15.7495
15.8664
16.0029
15.8128
15.9526
16.0469
16.1832
16.0687
16.1895
16.3114
16.2131
16.3281
16.272
16.3419
16.4184
16.5133
16.6288
16.7575
16.9186
17.1277
17.4215
16.9773
17.1073
17.2315
17.3802
17.5527
17.2021
17.3003
17.3717
17.452
17.5431
17.6471
17.7725
17.5352
17.6009
17.6667
17.7389
17.8197
17.9154
18.0205
18.151
18.2998
17.8716
17.9484
17.9792
18.0656
18.1454
18.2403
18.3427
18.4631
18.0902
18.1684
18.2149
18.2761
18.3441
18.4215
18.5076
18.6058
18.2402
18.3082
18.3545
18.4095
18.1789
18.5033
18.5976
18.4174
18.8058
18.4411
18.5067
18.551
18.6018
18.7151
18.716
18.7779
18.8448
18.5463
18.6319
18.6773
18.7212
18.7683
18.8185
18.8709
18.926
18.6989
18.7552
18.7898
18.8258
18.8637
18.9041
18.9461
18.7687
18.8117
18.8379
18.8683
18.8996
18.9322
18.9664
19.0004
19.0345
18.8545
18.8898
18.9169
18.9475
18.979
19.0106
19.0419
19.0721
19.1002
19.1275
18.9613
18.9983
19.0222
19.0478
19.0714
