61
89
117
151
177
204
231
258
285
313
340
367
393
422
446
473
500
526
556
582
608
636
662
689
714
740
765
790
815
841
867
897
926
953
980
1010
1038
1069
1098
1128
1158
1188
1221
1253
1285
1316
1347
1377
1410
1440
1471
1502
1533
1564
1596
1628
1660
1690
1721
1752
1784
1815
1845
1875
1905
1936
1968
1999
2030
2061
2092
2123
2154
2185
2220
2251
2281
2311
2342
2372
2403
2433
2464
2494
2524
2556
2587
2619
2650
2681
2712
2743
2773
2806
2837
2868
2899
2930
2962
2993
3024
3054
3085
3115
3146
3179
3213
3248
3284
3314
3345
3375
3409
3440
3471
3501
3534
3565
3596
3627
3658
3688
3718
3749
3779
3809
3840
3870
3900
3931
3962
3992
4027
4057
4086
4116
4147
4177
4208
4239
4269
4300
4330
4361
4392
4422
4453
4484
4514
4545
4575
4608
4638
4670
4700
4731
4761
4791
4822
4853
4883
4915
4946
4976
5007
5037
5068
5098
5129
5160
5190
5223
5254
5284
5315
5346
5377
5408
5438
5469
5499
5530
5560
5591
5621
5652
5684
5715
5745
5776
5810
5841
5872
5902
5933
5963
5994
6025
6056
6086
