0.0444444
0.0447238
0.00233568
-0.00191012
-0.00828431
-0.0160902
-0.0240182
-0.029593
-0.032622
-0.0343293
-0.0352185
-0.0349225
-0.0335431
-0.0317903
-0.0301066
-0.0281181
-0.0252072
-0.0210167
-0.0225183
-0.0203162
-0.0155969
-0.0213665
-0.0185061
-0.0120787
-0.0138154
-0.0133041
-0.0127734
-0.0120469
-0.01108
-0.00904382
-0.00685595
-0.00669167
-0.0112166
-0.0091449
-0.00745933
-0.00597213
-0.00389417
-0.0121986
-0.00969751
-0.00783619
-0.00624635
-0.00263094
-0.000439347
0.000338911
-0.00418302
-0.0031097
-0.00140025
-0.000714191
0.000123327
0.000581025
0.00127561
0.00175997
0.000878809
0.00130498
0.00138832
0.00178694
0.00190907
0.00299546
0.00319536
0.00151809
0.00170013
0.00160919
0.00146791
0.00134933
0.00122598
0.00275792
0.00295613
0.00299754
0.00300751
0.00298467
0.0019884
0.00236318
0.00239704
0.00225292
0.00190689
0.00189181
0.00170385
0.00146094
0.00136301
0.00116924
0.00105706
0.00113771
0.000858669
0.000706992
0.000856816
0.000784584
0.000749505
0.000712365
0.000661055
0.000962753
0.000886361
0.000817354
0.000748741
0.000788088
0.000738949
0.000731751
0.000742282
0.000752191
0.000718726
0.000747349
0.000744719
0.000779843
0.000811305
0.000837693
0.000859718
0.000899829
0.000941506
0.00104399
0.00103675
0.00106454
0.00105741
0.000986306
0.00100754
0.00103366
0.000976067
0.000891811
0.000798098
0.000697971
0.000596736
0.000534276
0.00051329
0.000489546
0.00045224
0.000406087
0.000343453
0.000286077
0.000217069
0.000145345
0.000299839
0.000350019
0.000316378
0.000282081
0.000230103
0.000189318
0.000139229
8.88715e-05
0.000364265
0.000390192
0.000342819
0.000291295
0.000234958
0.000183765
0.000133303
8.42354e-05
0.000437293
0.000477544
0.000390667
0.00030804
0.000221137
0.000147257
9.16468e-05
4.52746e-05
9.35052e-06
0.000421372
0.000426645
0.000342491
0.000261073
0.000177297
0.000105631
5.37123e-05
1.18621e-05
-0.000197519
-5.5834e-05
-5.78458e-06
-1.3159e-05
-2.33664e-05
-3.17668e-05
-4.49578e-05
-5.55651e-05
0.000236141
0.000257844
0.00018565
0.000111816
6.09808e-05
2.23902e-05
-4.63713e-06
0.000146055
0.000222713
0.00014734
8.57833e-05
4.31658e-05
1.38721e-05
-8.47196e-06
-2.13073e-05
-2.63497e-05
-0.000779405
-0.000409527
-0.000223439
-0.000130368
-9.17826e-05
-7.31773e-05
-6.19276e-05
-5.56575e-05
-5.68334e-05
-5.2542e-05
-6.59072e-05
1.62655e-05
9.34024e-06
-3.54834e-06
-1.67909e-05
