1.7941
2.07695
2.55152
2.85322
3.29136
3.97042
4.94723
5.77692
6.22136
6.61397
6.95162
7.2605
7.52654
7.80616
8.0832
8.31917
8.46718
8.49531
9.54324
9.43448
8.95221
10.9093
11.0097
10.2103
11.775
11.742
11.7557
11.6311
11.3554
10.5306
9.16066
9.49672
11.4014
10.7109
10.2689
9.70836
9.28892
11.4518
10.7475
10.2534
9.61851
8.73155
10.0236
8.47565
10.6943
9.30841
10.0767
8.90096
10.481
9.75173
10.0263
9.13348
10.2447
9.62568
10.6443
10.0613
9.74958
10.2509
9.62448
11.0209
10.5172
10.3922
10.2603
10.1115
9.88836
11.5611
10.8837
10.4096
9.94778
12.173
11.3224
10.897
10.4849
10.0625
9.57685
11.2122
10.2967
9.90829
11.1013
10.7421
10.4316
10.1208
9.7882
11.0548
10.5253
10.2535
9.96438
11.1916
10.5524
10.3274
10.0939
9.81613
10.4825
10.0301
9.76477
10.7777
10.2775
10.0469
9.81197
10.4907
10.1968
10.017
9.77992
11.1253
10.609
10.3396
10.0532
9.7848
10.679
10.2576
10.0018
9.75962
10.6299
10.2359
10.1058
9.9769
10.5266
10.3336
10.2633
10.187
10.0971
9.99179
10.3465
10.2067
10.1533
10.092
10.0224
9.94561
10.4822
10.3378
10.2975
10.2552
10.2072
10.1505
10.0848
10.0103
9.92354
10.5168
10.3423
10.2864
10.2338
10.1773
10.1149
10.0443
9.96249
10.4565
10.2878
10.2269
10.1741
10.1184
10.0607
9.995
10.3792
10.239
10.1983
10.1603
10.1191
10.0715
10.022
9.96699
10.292
10.1802
10.1481
10.1173
10.0838
10.0443
10.0018
9.95711
10.2362
10.1386
10.1065
10.0752
10.0415
10.0106
9.97567
10.2136
10.1326
10.1039
10.0767
10.0512
10.0244
9.99817
10.2141
10.1452
10.1169
10.0918
10.0698
10.0475
10.0265
10.006
9.984
10.1799
10.1141
10.0848
10.0597
10.0389
10.0205
10.0043
9.98869
10.1776
10.1207
10.0934
10.0679
10.0464
