0
0.0125904
0.0198092
0.0294863
0.0418952
0.052588
0.0566938
0.0553605
0.0528705
0.0503859
0.0482577
0.0463486
0.0447714
0.0433182
0.0420141
0.0409166
0.0400159
0.0391336
0.0378068
0.0387818
0.0373403
0.0385115
0.0383199
0.0411957
0.050863
0.0500145
0.0490196
0.0480338
0.0470704
0.0460791
0.0448693
0.0431114
0.0425628
0.0417513
0.0409143
0.0400897
0.0419729
0.0417267
0.0408457
0.0402615
0.0399158
0.047006
0.0447602
0.0424919
0.0567616
0.0553209
0.0562244
0.0542014
0.0556156
0.0545378
0.053481
0.0513191
0.055841
0.0546583
0.0546155
0.0541308
0.0533915
0.0519638
0.0505055
0.052977
0.0525076
0.051876
0.0512084
0.0503689
0.049275
0.0486184
0.0477154
0.0462324
0.0442744
0.0484372
0.0480781
0.047185
0.0461697
0.0449235
0.0434742
0.0450566
0.0436292
0.0423249
0.044924
0.0440155
0.0429378
0.0416884
0.0402255
0.0444147
0.0435123
0.0427072
0.0417873
0.0431291
0.0423501
0.0417924
0.0411836
0.0405092
0.0412922
0.0404721
0.0396392
0.0399868
0.0393328
0.038658
0.0378992
0.0392826
0.0385978
0.0377601
0.0367109
0.0386753
0.0379073
0.0371474
0.0362018
0.0351476
0.0362333
0.0365506
0.0359586
0.0352534
0.036285
0.0357991
0.035401
0.0349583
0.0358717
0.0352332
0.0348389
0.0344826
0.0340959
0.0336894
0.0339797
0.0336322
0.0333341
0.0330244
0.0332738
0.0324259
0.0330851
0.0328189
0.0325974
0.0323585
0.0321097
0.0318409
0.0315493
0.0312422
0.0309257
0.031682
0.0314165
0.0312136
0.030998
0.0307732
0.0305373
0.0302863
0.030021
0.0305505
0.030309
0.030123
0.0299324
0.0297355
0.0295314
0.0293173
0.0296771
0.029475
0.0293179
0.0291563
0.0289895
0.028814
0.0286315
0.0284446
0.0287653
0.0286005
0.0284369
0.0282928
0.0281436
0.0279956
0.0278329
0.0276677
0.0279284
0.0277673
0.0276406
0.0275095
0.027376
0.0272385
0.0270989
0.0273033
0.0271592
0.0270393
0.0269217
0.0267997
0.0266775
0.0265532
0.0267073
0.0265905
0.0264848
0.0263793
0.0262657
0.0261525
0.0260407
0.0259278
0.0258175
0.0259867
0.0258747
0.025775
0.0256723
0.0255664
0.0254611
0.025358
0.0252542
0.0254124
0.0253087
0.0252202
0.0251263
0.0249966
