18.7125
19.0517
18.5146
17.6873
16.5413
15.3195
14.4302
14.0429
13.8947
13.8365
13.7791
13.7382
13.6706
13.619
13.5691
13.4977
13.402
13.3259
13.9506
13.5037
14.0358
13.5573
13.3661
15.2055
13.6065
13.5694
13.5862
13.6157
13.6535
13.715
13.8695
15.1574
15.1191
15.1872
15.2797
15.3817
14.7209
16.9106
17.0629
17.0931
17.0313
15.3354
16.1661
17.3539
14.6624
14.8925
14.5273
14.9552
14.4775
14.6199
14.767
15.3111
14.2023
14.3815
14.2643
14.2629
14.3341
14.618
14.9344
14.2242
14.2333
14.2906
14.3626
14.491
14.7085
14.7954
14.9691
15.3715
16.037
14.8469
14.8521
15.0347
15.2715
15.6139
16.0728
15.4797
15.9245
16.3492
15.4649
15.6961
16.0112
16.4272
16.9917
15.6488
15.8905
16.1048
16.3796
15.8366
16.0456
16.1723
16.3256
16.514
16.1408
16.3926
16.6635
16.4421
16.6366
16.8497
17.1144
16.5026
16.7216
17.0274
17.4691
16.6364
16.9068
17.1866
17.5852
18.0793
17.5195
17.2979
17.5125
17.7996
17.2712
17.4339
17.556
17.7061
17.2259
17.4758
17.6023
17.7123
17.8424
17.9877
17.7708
17.8844
17.9736
18.072
17.8736
18.3074
17.905
17.9819
18.0354
18.1004
18.173
18.2595
18.362
18.4768
18.6009
18.1343
18.2232
18.2767
18.3392
18.409
18.4874
18.5775
18.679
18.3184
18.4029
18.4544
18.5101
18.5712
18.6384
18.7139
18.4414
18.5084
18.5477
18.591
18.6388
18.6936
18.7542
18.8192
18.5646
18.6143
18.6645
18.7025
18.745
18.7876
18.8414
18.898
18.6761
18.7298
18.7608
18.7955
18.8328
18.8737
18.9171
18.7292
18.7757
18.8061
18.8356
18.869
18.9032
18.9398
18.7839
18.8152
18.8393
18.8639
18.895
18.9264
18.9575
18.9901
19.0214
18.854
18.8867
18.911
18.9381
18.9681
18.9984
19.0276
19.0578
18.8972
18.9275
18.9469
18.9709
19.0232
