45
64
85
109
130
150
171
192
213
234
255
275
293
312
330
350
370
390
412
431
450
471
490
510
528
546
565
583
601
621
640
662
683
703
723
744
764
788
810
833
856
878
904
928
954
978
1001
1024
1049
1073
1097
1121
1145
1168
1192
1216
1240
1263
1287
1311
1335
1358
1381
1403
1426
1450
1474
1497
1521
1545
1569
1592
1615
1638
1661
1685
1708
1731
1755
1777
1800
1823
1845
1869
1892
1915
1937
1961
1984
2007
2031
2054
2077
2101
2123
2147
2170
2193
2216
2239
2262
2285
2307
2330
2353
2376
2405
2428
2451
2473
2496
2518
2542
2564
2587
2610
2633
2656
2678
2701
2724
2746
2769
2792
2815
2838
2860
2883
2905
2929
2952
2974
2997
3019
3042
3065
3087
3111
3133
3156
3179
3202
3224
3247
3270
3293
3316
3339
3362
3384
3412
3435
3458
3481
3504
3527
3549
3572
3594
3617
3640
3663
3686
3708
3732
3755
3777
3800
3824
3847
3870
3893
3916
3939
3962
3986
4009
4031
4054
4077
4100
4123
4146
4169
4192
4215
4238
4261
4284
4306
4330
4353
4376
4399
4422
4445
4468
4491
4513
4537
4561
4584
4607
4629
