0.0444444
0.0447238
0.00233568
-0.00191012
-0.00828431
-0.0160902
-0.0240182
-0.029593
-0.032622
-0.0343293
-0.0352185
-0.0349225
-0.0335431
-0.0317903
-0.0301066
-0.0281181
-0.0252072
-0.0210167
-0.0225183
-0.0203162
-0.0155969
-0.0213665
-0.0185062
-0.0120787
-0.0138153
-0.0133041
-0.0127733
-0.0120469
-0.0110799
-0.00904375
-0.00685595
-0.00669163
-0.0112167
-0.00914489
-0.00745933
-0.00597214
-0.0038964
-0.0122006
-0.00969735
-0.00783611
-0.00624621
-0.00263218
-0.000448206
0.000352853
-0.0041656
-0.00309919
-0.00142055
-0.000725759
0.000125688
0.000577853
0.00127987
0.00176527
0.000891869
0.0012891
0.00134846
0.00178226
0.00189704
0.00304803
0.00323337
0.00154033
0.0017599
0.00168979
0.00154868
0.00141377
0.00127274
0.00272782
0.00290803
0.00296075
0.00292524
0.00139399
0.00222522
0.00214139
0.001916
0.0016598
0.00148344
0.00190795
0.00197934
0.001858
0.00101982
0.00117542
0.00116373
0.00118004
0.00117392
0.000343948
0.000572692
0.000713983
0.000856331
0.000584786
0.000888015
0.000947439
0.00100005
0.00102963
0.000978058
0.0010417
0.0010726
0.000348536
0.000631539
0.000835562
0.000965913
0.000262649
0.000465462
0.000642341
0.000790632
-0.000655792
-4.79357e-05
0.00039422
0.000733365
0.000940372
0.000371122
0.000699467
0.000973167
0.00115134
0.000443593
0.000782482
0.000918486
0.00100313
0.000564654
0.000745069
0.000827223
0.000883423
0.000914013
0.000936877
0.000564397
0.000649323
0.000666823
0.000672938
0.000662264
0.000647941
0.000522204
0.000576139
0.000565666
0.000545918
0.000516525
0.000492856
0.000464611
0.000428005
0.000392877
0.000229183
0.000346499
0.000370253
0.000373782
0.000367484
0.000357125
0.000346112
0.000331143
1.24449e-05
0.000188712
0.000213613
0.000225417
0.000227412
0.00020944
0.000196726
0.000160515
0.0003149
0.000304031
0.000285281
0.000270479
0.000246799
0.000216324
0.000195105
0.000195943
0.000337783
0.000314954
0.00028306
0.000253905
0.000230993
0.000195113
0.000159441
7.08502e-05
0.000246028
0.000250334
0.000244057
0.000236709
0.000205473
0.000182583
3.7426e-05
0.000214377
0.000232861
0.000231714
0.000211188
0.00019104
0.000167352
-4.27539e-05
0.000136408
0.000179378
0.000195376
0.000182187
0.000164174
0.000138387
0.000108014
8.37188e-05
-0.000108682
7.91566e-05
0.000141268
0.000165867
0.000158894
0.000137267
0.000104945
7.4411e-05
-0.00019171
7.56194e-07
7.88354e-05
0.000125793
0.000139632
