15.2802
15.6243
15.5469
15.3878
15.0889
14.5174
13.4344
11.8305
10.0199
8.50679
7.452
6.74379
6.19677
5.75093
5.38746
5.07783
4.77709
4.47678
4.17953
3.89648
3.668
3.54236
3.33615
2.97537
2.77185
2.64933
2.56173
2.48944
2.42629
2.36724
2.30984
2.25642
2.20822
2.16759
2.13241
2.10087
2.07606
2.0534
2.03413
2.01713
2.00346
1.99139
1.98055
1.97104
1.96251
1.95505
1.94853
1.94279
1.93773
1.93318
1.92902
1.92527
1.92183
1.91863
1.91565
1.9129
1.90576
1.90526
1.89985
1.89624
1.8938
1.8953
1.89177
1.88958
1.88797
1.88671
1.88549
1.8878
1.88483
1.88313
1.88186
1.88085
1.88358
1.88093
1.87949
1.87845
1.87762
1.88028
1.87811
1.87694
1.87603
1.87531
1.87471
1.87748
1.87554
1.87713
1.87778
1.87822
1.87636
1.87515
1.8761
1.87502
1.87424
1.87347
1.87266
1.8739
1.87311
1.87363
1.87388
1.8741
