5.78593e-13
-0.000848057
-0.00125285
-0.00151803
-0.00161855
-0.00147733
-0.000656109
-0.000402841
-0.000272969
-0.00016779
0.000139983
0.000395688
0.000352403
-7.36361e-05
-0.000779891
-0.00154981
-0.00229241
-0.00290177
-0.0032928
-0.00344474
-0.0033779
-0.00392954
-0.00407088
-0.000569509
0.00146547
0.00242506
0.00279306
0.00286128
0.00294064
0.0030234
0.00306512
0.00294693
0.00282546
0.00247818
0.00210718
0.00175059
0.000598445
-0.000396706
-0.00121091
-0.00186053
-0.00234023
-0.00264924
-0.00284144
-0.00294253
-0.00299877
-0.00302185
-0.00301695
-0.00299124
-0.00296023
-0.00292275
-0.00288355
-0.00284839
-0.00281535
-0.00278788
-0.00276237
-0.00273953
-0.0014001
-0.00189073
-0.000986187
-0.000521746
-0.000349832
-0.00121586
-0.000655961
-0.00040702
-0.000296667
-0.000282885
-0.000278516
-0.0012408
-0.000687995
-0.00044859
-0.000332671
-0.00028673
-0.00124875
-0.000719576
-0.000485594
-0.000361583
-0.00030371
-0.00121001
-0.000756817
-0.000567255
-0.000447064
-0.00037948
-0.000344115
-0.00123332
-0.000813947
-0.00134762
-0.00159285
-0.00178582
-0.00139083
-0.00114816
-0.00148888
-0.00126952
-0.00112227
-0.000976044
-0.000813108
-0.0012396
-0.00108039
-0.00128419
-0.00140053
-0.00151053
