5.78593e-13
-0.000848057
-0.00125285
-0.00151803
-0.00161855
-0.00147733
-0.000656109
-0.000402841
-0.000272969
-0.00016779
0.000139983
0.000395688
0.000352403
-7.36361e-05
-0.000779891
-0.00154981
-0.00229241
-0.00290177
-0.0032928
-0.00344474
-0.0033779
-0.00392954
-0.00407088
-0.000569509
0.00146547
0.00242506
0.00279306
0.00286128
0.00294064
0.0030234
0.00306512
0.00294693
0.00282546
0.00247818
0.00210718
0.00175059
0.000598445
-0.000396706
-0.00121091
-0.00186053
-0.00234023
-0.00264924
-0.00284144
-0.00294253
-0.00299877
-0.00302185
-0.00301695
-0.00299124
-0.00296023
-0.00292275
-0.00288355
-0.00284839
-0.00281535
-0.00278788
-0.00276237
-0.00273953
-0.0014001
-0.00189073
